41.28181023866125
42.642672932827686
49.26592019153104
50.04937150833998
36.456839973795695
8.830979684763859
8.144317169015132
0.8948517189398725
39.8082681722606
47.17330570655396
15.047537170648988
47.751972066720676
6.067799827299036
18.040475836151487
50.88521416663605
37.392930771840646
36.72591870409412
11.147564461530042
14.405470992538035
47.87603620083489
34.63897057651073
38.988113463801994
36.04333252013371
4.337604040408555
35.67382840156337
14.234983127590032
8.87589612657188
13.495167866712071
35.473597130502185
1.141664844085227
21.63691109749708
29.969360833047762
23.052406945806
43.68787606477272
50.38639242119185
3.5590392973671765
40.908317265043365
9.694859171383648
13.014782966311866
15.925615091242376
44.285018300978685
24.259676462351482
35.21789799973526
24.53616869579269
27.05756989617923
1.9396221769972524
30.438895874207198
42.273004303887134
40.7617884657554
8.328964136034427
